{
  "policy": "linucb_contextual_bandit",
  "alpha": 0.35,
  "ridge_lambda": 1.0,
  "seed": 24,
  "actions": [
    "fast_weekly_snapshot",
    "standard_weekly_report",
    "deep_product_review",
    "benchmark_only",
    "market_update_only"
  ],
  "feature_names": [
    "bias",
    "is_weekly_report",
    "is_product_benchmark",
    "is_market_update",
    "is_high_risk_product",
    "benchmark_failed_count",
    "scale_drop_count",
    "product_pool_size",
    "avg_return_percentile",
    "avg_drawdown_percentile",
    "missing_nav_ratio",
    "market_new_issue_count",
    "latency_budget_ms",
    "human_review_required"
  ],
  "A": {
    "fast_weekly_snapshot": [
      [
        1.0,
        0.0,
        0.0,
        0.0,
        0.0,
        0.0,
        0.0,
        0.0,
        0.0,
        0.0,
        0.0,
        0.0,
        0.0,
        0.0
      ],
      [
        0.0,
        1.0,
        0.0,
        0.0,
        0.0,
        0.0,
        0.0,
        0.0,
        0.0,
        0.0,
        0.0,
        0.0,
        0.0,
        0.0
      ],
      [
        0.0,
        0.0,
        1.0,
        0.0,
        0.0,
        0.0,
        0.0,
        0.0,
        0.0,
        0.0,
        0.0,
        0.0,
        0.0,
        0.0
      ],
      [
        0.0,
        0.0,
        0.0,
        1.0,
        0.0,
        0.0,
        0.0,
        0.0,
        0.0,
        0.0,
        0.0,
        0.0,
        0.0,
        0.0
      ],
      [
        0.0,
        0.0,
        0.0,
        0.0,
        1.0,
        0.0,
        0.0,
        0.0,
        0.0,
        0.0,
        0.0,
        0.0,
        0.0,
        0.0
      ],
      [
        0.0,
        0.0,
        0.0,
        0.0,
        0.0,
        1.0,
        0.0,
        0.0,
        0.0,
        0.0,
        0.0,
        0.0,
        0.0,
        0.0
      ],
      [
        0.0,
        0.0,
        0.0,
        0.0,
        0.0,
        0.0,
        1.0,
        0.0,
        0.0,
        0.0,
        0.0,
        0.0,
        0.0,
        0.0
      ],
      [
        0.0,
        0.0,
        0.0,
        0.0,
        0.0,
        0.0,
        0.0,
        1.0,
        0.0,
        0.0,
        0.0,
        0.0,
        0.0,
        0.0
      ],
      [
        0.0,
        0.0,
        0.0,
        0.0,
        0.0,
        0.0,
        0.0,
        0.0,
        1.0,
        0.0,
        0.0,
        0.0,
        0.0,
        0.0
      ],
      [
        0.0,
        0.0,
        0.0,
        0.0,
        0.0,
        0.0,
        0.0,
        0.0,
        0.0,
        1.0,
        0.0,
        0.0,
        0.0,
        0.0
      ],
      [
        0.0,
        0.0,
        0.0,
        0.0,
        0.0,
        0.0,
        0.0,
        0.0,
        0.0,
        0.0,
        1.0,
        0.0,
        0.0,
        0.0
      ],
      [
        0.0,
        0.0,
        0.0,
        0.0,
        0.0,
        0.0,
        0.0,
        0.0,
        0.0,
        0.0,
        0.0,
        1.0,
        0.0,
        0.0
      ],
      [
        0.0,
        0.0,
        0.0,
        0.0,
        0.0,
        0.0,
        0.0,
        0.0,
        0.0,
        0.0,
        0.0,
        0.0,
        1.0,
        0.0
      ],
      [
        0.0,
        0.0,
        0.0,
        0.0,
        0.0,
        0.0,
        0.0,
        0.0,
        0.0,
        0.0,
        0.0,
        0.0,
        0.0,
        1.0
      ]
    ],
    "standard_weekly_report": [
      [
        69.0,
        59.0,
        10.0,
        8.0,
        9.0,
        28.099999999999998,
        25.900000000000013,
        41.18749999999999,
        32.4267,
        38.11179999999999,
        3.66,
        40.01666666666666,
        29.46000000000001,
        3.0
      ],
      [
        59.0,
        60.0,
        9.0,
        0.0,
        8.0,
        24.366666666666667,
        25.02500000000001,
        35.762499999999996,
        27.513299999999997,
        32.98459999999999,
        3.4299999999999997,
        34.55833333333332,
        25.75600000000001,
        3.0
      ],
      [
        10.0,
        9.0,
        11.0,
        0.0,
        1.0,
        3.966666666666667,
        4.3999999999999995,
        5.85625,
        4.7333,
        5.8001000000000005,
        0.45999999999999996,
        6.3,
        5.5600000000000005,
        0.0
      ],
      [
        8.0,
        0.0,
        0.0,
        9.0,
        0.0,
        3.6,
        0.7000000000000001,
        5.01875,
        4.2267,
        4.3829,
        0.22,
        5.05,
        3.4240000000000004,
        0.0
      ],
      [
        9.0,
        8.0,
        1.0,
        0.0,
        10.0,
        3.4333333333333336,
        3.9000000000000004,
        5.26875,
        4.8801000000000005,
        5.305700000000001,
        0.39999999999999997,
        5.666666666666667,
        3.6760000000000006,
        3.0
      ],
      [
        28.099999999999998,
        24.366666666666667,
        3.966666666666667,
        3.6,
        3.4333333333333336,
        17.509999999999998,
        10.607500000000007,
        17.014583333333327,
        13.566403333333328,
        15.694313333333332,
        1.5643333333333331,
        17.20194444444444,
        12.828933333333335,
        1.6
      ],
      [
        25.900000000000013,
        25.02500000000001,
        4.3999999999999995,
        0.7000000000000001,
        3.9000000000000004,
        10.607500000000007,
        15.651249999999996,
        16.105312500000004,
        12.007962499999996,
        14.6548025,
        1.5255000000000003,
        14.897083333333333,
        11.6329,
        1.4
      ],
      [
        41.18749999999999,
        35.762499999999996,
        5.85625,
        5.01875,
        5.26875,
        17.014583333333327,
        16.105312500000004,
        28.57984375000001,
        19.871922500000004,
        22.899485000000006,
        2.2854375,
        25.025885416666675,
        17.558699999999998,
        1.4125
      ],
      [
        32.4267,
        27.513299999999997,
        4.7333,
        4.2267,
        4.8801000000000005,
        13.566403333333328,
        12.007962499999996,
        19.871922500000004,
        18.376568049999996,
        18.58362937999999,
        1.7492100000000004,
        19.240888333333334,
        13.705214000000002,
        1.8934
      ],
      [
        38.11179999999999,
        32.98459999999999,
        5.8001000000000005,
        4.3829,
        5.305700000000001,
        15.694313333333332,
        14.6548025,
        22.899485000000006,
        18.58362937999999,
        23.935195799999992,
        2.009465,
        22.200370833333338,
        16.285566799999998,
        1.9471
      ],
      [
        3.66,
        3.4299999999999997,
        0.45999999999999996,
        0.22,
        0.39999999999999997,
        1.5643333333333331,
        1.5255000000000003,
        2.2854375,
        1.7492100000000004,
        2.009465,
        1.3835999999999982,
        2.2025,
        1.67516,
        0.16
      ],
      [
        40.01666666666666,
        34.55833333333332,
        6.3,
        5.05,
        5.666666666666667,
        17.20194444444444,
        14.897083333333333,
        25.025885416666675,
        19.240888333333334,
        22.200370833333338,
        2.2025,
        26.71555555555555,
        17.264300000000002,
        2.25
      ],
      [
        29.46000000000001,
        25.75600000000001,
        5.5600000000000005,
        3.4240000000000004,
        3.6760000000000006,
        12.828933333333335,
        11.6329,
        17.558699999999998,
        13.705214000000002,
        16.285566799999998,
        1.67516,
        17.264300000000002,
        16.562959999999997,
        1.42
      ],
      [
        3.0,
        3.0,
        0.0,
        0.0,
        3.0,
        1.6,
        1.4,
        1.4125,
        1.8934,
        1.9471,
        0.16,
        2.25,
        1.42,
        4.0
      ]
    ],
    "deep_product_review": [
      [
        42.0,
        38.0,
        4.0,
        2.0,
        41.0,
        19.366666666666667,
        17.549999999999997,
        26.212500000000002,
        18.220000000000002,
        20.6226,
        2.61,
        25.175000000000004,
        18.928,
        19.0
      ],
      [
        38.0,
        39.0,
        3.0,
        0.0,
        38.0,
        18.600000000000005,
        16.65,
        24.543750000000003,
        17.16,
        19.139799999999994,
        2.42,
        23.733333333333338,
        17.408,
        19.0
      ],
      [
        4.0,
        3.0,
        5.0,
        0.0,
        4.0,
        2.1333333333333333,
        1.9500000000000002,
        2.04375,
        1.48,
        2.0486000000000004,
        0.2,
        2.183333333333333,
        2.06,
        1.0
      ],
      [
        2.0,
        0.0,
        0.0,
        3.0,
        2.0,
        0.6666666666666666,
        0.22499999999999998,
        1.06875,
        0.64,
        1.0242,
        0.1,
        0.8833333333333333,
        1.04,
        0.0
      ],
      [
        41.0,
        38.0,
        4.0,
        2.0,
        42.0,
        19.366666666666667,
        17.549999999999997,
        26.212500000000002,
        18.220000000000002,
        20.6226,
        2.61,
        25.175000000000004,
        18.928,
        19.0
      ],
      [
        19.366666666666667,
        18.600000000000005,
        2.1333333333333333,
        0.6666666666666666,
        19.366666666666667,
        13.172222222222224,
        7.360833333333333,
        12.363750000000003,
        8.734013333333333,
        9.523733333333334,
        1.0476666666666667,
        11.863055555555553,
        9.003866666666667,
        11.8
      ],
      [
        17.549999999999997,
        16.65,
        1.9500000000000002,
        0.22499999999999998,
        17.549999999999997,
        7.360833333333333,
        11.289999999999997,
        10.923750000000002,
        7.778472499999999,
        8.878197499999999,
        1.1672500000000001,
        10.753958333333337,
        8.549,
        8.05
      ],
      [
        26.212500000000002,
        24.543750000000003,
        2.04375,
        1.06875,
        26.212500000000002,
        12.363750000000003,
        10.923750000000002,
        19.154296875,
        11.712194999999998,
        13.115454375,
        1.6536250000000001,
        16.15447916666667,
        11.928524999999997,
        12.05
      ],
      [
        18.220000000000002,
        17.16,
        1.48,
        0.64,
        18.220000000000002,
        8.734013333333333,
        7.778472499999999,
        11.712194999999998,
        10.261351140000002,
        9.32614748,
        1.105518,
        11.515746666666667,
        7.731689999999999,
        8.5467
      ],
      [
        20.6226,
        19.139799999999994,
        2.0486000000000004,
        1.0242,
        20.6226,
        9.523733333333334,
        8.878197499999999,
        13.115454375,
        9.32614748,
        12.423484600000002,
        1.18758,
        12.728908333333337,
        9.4322492,
        9.534200000000002
      ],
      [
        2.61,
        2.42,
        0.2,
        0.1,
        2.61,
        1.0476666666666667,
        1.1672500000000001,
        1.6536250000000001,
        1.105518,
        1.18758,
        1.3234999999999997,
        1.6635833333333339,
        1.3614,
        0.9000000000000001
      ],
      [
        25.175000000000004,
        23.733333333333338,
        2.183333333333333,
        0.8833333333333333,
        25.175000000000004,
        11.863055555555553,
        10.753958333333337,
        16.15447916666667,
        11.515746666666667,
        12.728908333333337,
        1.6635833333333339,
        17.599097222222227,
        11.098033333333332,
        11.666666666666666
      ],
      [
        18.928,
        17.408,
        2.06,
        1.04,
        18.928,
        9.003866666666667,
        8.549,
        11.928524999999997,
        7.731689999999999,
        9.4322492,
        1.3614,
        11.098033333333332,
        11.638304000000002,
        9.060000000000002
      ],
      [
        19.0,
        19.0,
        1.0,
        0.0,
        19.0,
        11.8,
        8.05,
        12.05,
        8.5467,
        9.534200000000002,
        0.9000000000000001,
        11.666666666666666,
        9.060000000000002,
        20.0
      ]
    ],
    "benchmark_only": [
      [
        23.0,
        6.0,
        18.0,
        2.0,
        9.0,
        8.200000000000001,
        9.350000000000003,
        13.056249999999999,
        9.373299999999999,
        11.8386,
        1.1400000000000001,
        14.166666666666668,
        11.188,
        3.0
      ],
      [
        6.0,
        7.0,
        4.0,
        0.0,
        3.0,
        4.0,
        2.6999999999999997,
        3.43125,
        2.52,
        3.5014000000000003,
        0.38,
        3.633333333333333,
        3.1599999999999997,
        2.0
      ],
      [
        18.0,
        4.0,
        19.0,
        0.0,
        8.0,
        5.666666666666667,
        8.15,
        10.075,
        7.293399999999999,
        9.790099999999999,
        0.9399999999999998,
        11.483333333333334,
        8.94,
        2.0
      ],
      [
        2.0,
        0.0,
        0.0,
        3.0,
        0.0,
        0.8,
        0.2,
        1.3375,
        1.1733,
        1.06,
        0.04,
        1.1666666666666665,
        0.608,
        0.0
      ],
      [
        9.0,
        3.0,
        8.0,
        0.0,
        10.0,
        3.5,
        3.8249999999999997,
        5.2124999999999995,
        3.7800000000000002,
        4.6628,
        0.4099999999999999,
        5.858333333333333,
        4.739999999999999,
        3.0
      ],
      [
        8.200000000000001,
        4.0,
        5.666666666666667,
        0.8,
        3.5,
        5.3133333333333335,
        3.573333333333334,
        5.084375,
        3.417276666666666,
        4.424570000000001,
        0.4720000000000001,
        5.356666666666666,
        4.5157333333333325,
        2.1666666666666665
      ],
      [
        9.350000000000003,
        2.6999999999999997,
        8.15,
        0.2,
        3.8249999999999997,
        3.573333333333334,
        6.732499999999999,
        5.48703125,
        3.9586449999999997,
        5.020695000000001,
        0.56,
        6.012916666666667,
        5.021300000000001,
        0.925
      ],
      [
        13.056249999999999,
        3.43125,
        10.075,
        1.3375,
        5.2124999999999995,
        5.084375,
        5.48703125,
        9.5482421875,
        5.428553125,
        6.9675325,
        0.7155624999999999,
        8.41046875,
        7.059349999999999,
        1.8875000000000002
      ],
      [
        9.373299999999999,
        2.52,
        7.293399999999999,
        1.1733,
        3.7800000000000002,
        3.417276666666666,
        3.9586449999999997,
        5.428553125,
        5.66616535,
        4.8476064800000005,
        0.466128,
        5.881643333333333,
        4.3942879999999995,
        1.1266
      ],
      [
        11.8386,
        3.5014000000000003,
        9.790099999999999,
        1.06,
        4.6628,
        4.424570000000001,
        5.020695000000001,
        6.9675325,
        4.8476064800000005,
        7.908718060000002,
        0.6067020000000001,
        7.433041666666666,
        6.0089032,
        1.1257000000000001
      ],
      [
        1.1400000000000001,
        0.38,
        0.9399999999999998,
        0.04,
        0.4099999999999999,
        0.4720000000000001,
        0.56,
        0.7155624999999999,
        0.466128,
        0.6067020000000001,
        1.087599999999999,
        0.7548333333333335,
        0.63116,
        0.19
      ],
      [
        14.166666666666668,
        3.633333333333333,
        11.483333333333334,
        1.1666666666666665,
        5.858333333333333,
        5.356666666666666,
        6.012916666666667,
        8.41046875,
        5.881643333333333,
        7.433041666666666,
        0.7548333333333335,
        10.743611111111111,
        7.299833333333333,
        2.025
      ],
      [
        11.188,
        3.1599999999999997,
        8.94,
        0.608,
        4.739999999999999,
        4.5157333333333325,
        5.021300000000001,
        7.059349999999999,
        4.3942879999999995,
        6.0089032,
        0.63116,
        7.299833333333333,
        7.834384000000001,
        2.1199999999999997
      ],
      [
        3.0,
        2.0,
        2.0,
        0.0,
        3.0,
        2.1666666666666665,
        0.925,
        1.8875000000000002,
        1.1266,
        1.1257000000000001,
        0.19,
        2.025,
        2.1199999999999997,
        4.0
      ]
    ],
    "market_update_only": [
      [
        14.0,
        5.0,
        4.0,
        6.0,
        9.0,
        5.266666666666667,
        3.85,
        9.28125,
        5.26,
        7.3542000000000005,
        0.63,
        7.5583333333333345,
        6.976000000000001,
        3.0
      ],
      [
        5.0,
        6.0,
        2.0,
        0.0,
        4.0,
        2.166666666666667,
        1.9749999999999999,
        3.6687500000000006,
        1.7667000000000002,
        3.3285,
        0.31000000000000005,
        3.008333333333333,
        3.1399999999999997,
        2.0
      ],
      [
        4.0,
        2.0,
        5.0,
        0.0,
        2.0,
        1.0333333333333334,
        1.7,
        2.7624999999999997,
        1.6133000000000002,
        2.4057000000000004,
        0.2,
        2.0999999999999996,
        2.3999999999999995,
        0.0
      ],
      [
        6.0,
        0.0,
        0.0,
        7.0,
        4.0,
        2.5333333333333337,
        0.625,
        4.3687499999999995,
        2.7199999999999998,
        2.9657,
        0.27999999999999997,
        3.55,
        2.536,
        1.0
      ],
      [
        9.0,
        4.0,
        2.0,
        4.0,
        10.0,
        3.666666666666667,
        3.1750000000000003,
        6.449999999999999,
        3.58,
        4.8769,
        0.44999999999999996,
        5.1416666666666675,
        4.788,
        3.0
      ],
      [
        5.266666666666667,
        2.166666666666667,
        1.0333333333333334,
        2.5333333333333337,
        3.666666666666667,
        3.964444444444444,
        1.3416666666666666,
        3.634375,
        2.0453566666666667,
        2.979413333333333,
        0.23933333333333334,
        3.045,
        2.8287999999999998,
        1.7666666666666666
      ],
      [
        3.85,
        1.9749999999999999,
        1.7,
        0.625,
        3.1750000000000003,
        1.3416666666666666,
        3.1275,
        2.7634374999999998,
        1.6028125000000004,
        2.1573800000000003,
        0.15925,
        2.272708333333333,
        2.4066,
        0.8999999999999999
      ],
      [
        9.28125,
        3.6687500000000006,
        2.7624999999999997,
        4.3687499999999995,
        6.449999999999999,
        3.634375,
        2.7634374999999998,
        7.8466015625,
        3.9195843750000003,
        5.230616249999999,
        0.45899999999999996,
        5.55125,
        4.892950000000001,
        2.175
      ],
      [
        5.26,
        1.7667000000000002,
        1.6133000000000002,
        2.7199999999999998,
        3.58,
        2.0453566666666667,
        1.6028125000000004,
        3.9195843750000003,
        3.5562888999999998,
        2.8339778099999995,
        0.2606,
        3.191175,
        2.59884,
        0.6599999999999999
      ],
      [
        7.3542000000000005,
        3.3285,
        2.4057000000000004,
        2.9657,
        4.8769,
        2.979413333333333,
        2.1573800000000003,
        5.230616249999999,
        2.8339778099999995,
        5.418010180000001,
        0.3788950000000001,
        4.285642500000001,
        3.9765148000000003,
        1.9114
      ],
      [
        0.63,
        0.31000000000000005,
        0.2,
        0.27999999999999997,
        0.44999999999999996,
        0.23933333333333334,
        0.15925,
        0.45899999999999996,
        0.2606,
        0.3788950000000001,
        1.0385,
        0.3674166666666667,
        0.30452,
        0.16999999999999998
      ],
      [
        7.5583333333333345,
        3.008333333333333,
        2.0999999999999996,
        3.55,
        5.1416666666666675,
        3.045,
        2.272708333333333,
        5.55125,
        3.191175,
        4.285642500000001,
        0.3674166666666667,
        5.548958333333333,
        4.0375,
        1.7583333333333333
      ],
      [
        6.976000000000001,
        3.1399999999999997,
        2.3999999999999995,
        2.536,
        4.788,
        2.8287999999999998,
        2.4066,
        4.892950000000001,
        2.59884,
        3.9765148000000003,
        0.30452,
        4.0375,
        5.339168,
        1.708
      ],
      [
        3.0,
        2.0,
        0.0,
        1.0,
        3.0,
        1.7666666666666666,
        0.8999999999999999,
        2.175,
        0.6599999999999999,
        1.9114,
        0.16999999999999998,
        1.7583333333333333,
        1.708,
        4.0
      ]
    ]
  },
  "b": {
    "fast_weekly_snapshot": [
      0.0,
      0.0,
      0.0,
      0.0,
      0.0,
      0.0,
      0.0,
      0.0,
      0.0,
      0.0,
      0.0,
      0.0,
      0.0,
      0.0
    ],
    "standard_weekly_report": [
      55.461399999999976,
      48.36719999999998,
      8.312500000000002,
      6.3984000000000005,
      6.041199999999999,
      23.069443333333325,
      21.140762500000005,
      33.521723749999985,
      26.261355209999998,
      30.985282410000014,
      3.0057250000000013,
      32.53902083333333,
      24.173836400000013,
      1.9794
    ],
    "deep_product_review": [
      31.79000000000002,
      29.84000000000002,
      2.9749999999999996,
      1.375,
      31.79000000000002,
      15.178500000000001,
      13.646374999999999,
      20.273968749999995,
      14.1376205,
      15.974747500000001,
      2.03315,
      19.500125,
      14.753580000000003,
      14.88
    ],
    "benchmark_only": [
      16.771499999999996,
      3.837,
      14.149999999999999,
      1.3490000000000002,
      6.446500000000001,
      5.877016666666667,
      7.260887500000001,
      9.956900000000003,
      7.1495814,
      9.04141155,
      0.8636849999999999,
      10.813254166666665,
      8.509564,
      1.8045
    ],
    "market_update_only": [
      8.9077,
      3.1273,
      2.6639999999999997,
      4.4084,
      5.9597,
      3.4453066666666667,
      2.5401350000000003,
      6.417016875000001,
      3.6787927,
      5.02736316,
      0.43141300000000005,
      5.229174166666667,
      4.7220792000000005,
      1.8296999999999999
    ]
  }
}