{
  "policy": "linucb_contextual_bandit",
  "alpha": 0.65,
  "ridge_lambda": 1.0,
  "seed": 24,
  "actions": [
    "fast_snapshot",
    "standard_research",
    "deep_review",
    "product_compare",
    "risk_only"
  ],
  "feature_names": [
    "bias",
    "is_equity",
    "is_product",
    "is_risk_only",
    "is_product_compare",
    "risk_preference_conservative",
    "risk_preference_strict",
    "missing_fundamental_data",
    "news_count",
    "avg_news_risk",
    "max_drawdown_abs",
    "volatility",
    "product_pool_size",
    "product_risk_level_num",
    "latency_budget_ms",
    "human_review_required"
  ],
  "A": {
    "fast_snapshot": [
      [
        19.0,
        6.0,
        7.0,
        6.0,
        2.0,
        5.0,
        2.0,
        2.0,
        6.0,
        9.926,
        5.316666666666667,
        6.39,
        9.233333333333334,
        9.399999999999999,
        7.790000000000001,
        4.0
      ],
      [
        6.0,
        7.0,
        2.0,
        2.0,
        1.0,
        2.0,
        0.0,
        1.0,
        1.9000000000000001,
        2.7560000000000002,
        1.366666666666667,
        1.74,
        2.533333333333333,
        2.8,
        2.82,
        0.0
      ],
      [
        7.0,
        2.0,
        8.0,
        2.0,
        2.0,
        2.0,
        1.0,
        1.0,
        2.4,
        3.7380000000000004,
        2.3000000000000003,
        2.7199999999999998,
        3.591666666666667,
        4.0,
        3.4099999999999997,
        2.0
      ],
      [
        6.0,
        2.0,
        2.0,
        7.0,
        0.0,
        5.0,
        1.0,
        2.0,
        2.8,
        3.918,
        2.9166666666666674,
        3.2700000000000005,
        2.958333333333333,
        4.6000000000000005,
        3.4499999999999997,
        3.0
      ],
      [
        2.0,
        1.0,
        2.0,
        0.0,
        3.0,
        0.0,
        0.0,
        0.0,
        0.5,
        1.052,
        0.4833333333333334,
        0.61,
        0.5,
        1.0,
        1.2000000000000002,
        0.0
      ],
      [
        5.0,
        2.0,
        2.0,
        5.0,
        0.0,
        6.0,
        0.0,
        2.0,
        2.0,
        3.0380000000000003,
        2.5500000000000003,
        2.83,
        2.658333333333333,
        3.8,
        3.0500000000000003,
        2.0
      ],
      [
        2.0,
        0.0,
        1.0,
        1.0,
        0.0,
        0.0,
        3.0,
        0.0,
        1.1,
        1.3160000000000003,
        0.5666666666666667,
        0.7,
        0.9833333333333334,
        1.2000000000000002,
        0.65,
        2.0
      ],
      [
        2.0,
        1.0,
        1.0,
        2.0,
        0.0,
        2.0,
        0.0,
        3.0,
        1.1,
        1.046,
        0.5666666666666668,
        0.7,
        0.8916666666666666,
        1.2,
        1.6,
        0.0
      ],
      [
        6.0,
        1.9000000000000001,
        2.4,
        2.8,
        0.5,
        2.0,
        1.1,
        1.1,
        3.839999999999999,
        3.313800000000001,
        1.6333333333333335,
        1.9920000000000002,
        2.999166666666666,
        2.960000000000001,
        2.468,
        1.6
      ],
      [
        9.926,
        2.7560000000000002,
        3.7380000000000004,
        3.918,
        1.052,
        3.0380000000000003,
        1.3160000000000003,
        1.046,
        3.313800000000001,
        7.322964000000001,
        3.3027000000000006,
        3.8769400000000003,
        5.055733333333333,
        5.442800000000002,
        4.38124,
        3.0760000000000005
      ],
      [
        5.316666666666667,
        1.366666666666667,
        2.3000000000000003,
        2.9166666666666674,
        0.4833333333333334,
        2.5500000000000003,
        0.5666666666666667,
        0.5666666666666668,
        1.6333333333333335,
        3.3027000000000006,
        3.3336111111111113,
        2.6438333333333337,
        2.857361111111111,
        3.7033333333333345,
        2.6788333333333343,
        2.1
      ],
      [
        6.39,
        1.74,
        2.7199999999999998,
        3.2700000000000005,
        0.61,
        2.83,
        0.7,
        0.7,
        1.9920000000000002,
        3.8769400000000003,
        2.6438333333333337,
        4.021300000000001,
        3.3944166666666664,
        4.298,
        3.1603,
        2.3
      ],
      [
        9.233333333333334,
        2.533333333333333,
        3.591666666666667,
        2.958333333333333,
        0.5,
        2.658333333333333,
        0.9833333333333334,
        0.8916666666666666,
        2.999166666666666,
        5.055733333333333,
        2.857361111111111,
        3.3944166666666664,
        6.676527777777778,
        4.8149999999999995,
        3.8750833333333334,
        2.341666666666667
      ],
      [
        9.399999999999999,
        2.8,
        4.0,
        4.6000000000000005,
        1.0,
        3.8,
        1.2000000000000002,
        1.2,
        2.960000000000001,
        5.442800000000002,
        3.7033333333333345,
        4.298,
        4.8149999999999995,
        7.6000000000000005,
        4.798000000000001,
        2.8
      ],
      [
        7.790000000000001,
        2.82,
        3.4099999999999997,
        3.4499999999999997,
        1.2000000000000002,
        3.0500000000000003,
        0.65,
        1.6,
        2.468,
        4.38124,
        2.6788333333333343,
        3.1603,
        3.8750833333333334,
        4.798000000000001,
        5.595900000000002,
        1.7000000000000002
      ],
      [
        4.0,
        0.0,
        2.0,
        3.0,
        0.0,
        2.0,
        2.0,
        0.0,
        1.6,
        3.0760000000000005,
        2.1,
        2.3,
        2.341666666666667,
        2.8,
        1.7000000000000002,
        5.0
      ]
    ],
    "standard_research": [
      [
        19.0,
        6.0,
        6.0,
        5.0,
        3.0,
        3.0,
        3.0,
        1.0,
        5.6,
        9.184000000000001,
        5.249999999999998,
        6.39,
        9.483333333333334,
        10.199999999999998,
        10.42,
        4.0
      ],
      [
        6.0,
        7.0,
        3.0,
        2.0,
        1.0,
        2.0,
        1.0,
        0.0,
        2.0,
        2.724,
        2.266666666666667,
        2.64,
        3.5083333333333333,
        4.0,
        3.8000000000000003,
        2.0
      ],
      [
        6.0,
        3.0,
        7.0,
        1.0,
        3.0,
        1.0,
        0.0,
        0.0,
        1.7000000000000002,
        2.7199999999999998,
        2.1000000000000005,
        2.46,
        2.95,
        3.6000000000000005,
        3.11,
        1.0
      ],
      [
        5.0,
        2.0,
        1.0,
        6.0,
        0.0,
        3.0,
        2.0,
        1.0,
        2.9000000000000004,
        3.6480000000000006,
        2.2333333333333334,
        2.56,
        2.7583333333333333,
        4.0,
        3.6,
        3.0
      ],
      [
        3.0,
        1.0,
        3.0,
        0.0,
        4.0,
        0.0,
        0.0,
        0.0,
        1.1,
        1.11,
        0.7666666666666668,
        0.96,
        1.1416666666666666,
        1.6,
        1.8000000000000003,
        0.0
      ],
      [
        3.0,
        2.0,
        1.0,
        3.0,
        0.0,
        4.0,
        0.0,
        1.0,
        1.3,
        1.8880000000000001,
        1.5000000000000002,
        1.6800000000000002,
        1.7000000000000002,
        2.4,
        2.4000000000000004,
        1.0
      ],
      [
        3.0,
        1.0,
        0.0,
        2.0,
        0.0,
        0.0,
        4.0,
        0.0,
        1.8,
        2.0500000000000003,
        0.9333333333333333,
        1.14,
        1.4083333333333332,
        2.0,
        2.0,
        3.0
      ],
      [
        1.0,
        0.0,
        0.0,
        1.0,
        0.0,
        1.0,
        0.0,
        2.0,
        0.2,
        0.6839999999999999,
        0.2833333333333334,
        0.35,
        0.6666666666666666,
        0.6,
        0.8,
        0.0
      ],
      [
        5.6,
        2.0,
        1.7000000000000002,
        2.9000000000000004,
        1.1,
        1.3,
        1.8,
        0.2,
        3.9799999999999995,
        3.3218000000000005,
        1.7783333333333335,
        2.131,
        2.8341666666666665,
        3.3400000000000007,
        3.4420000000000006,
        2.3
      ],
      [
        9.184000000000001,
        2.724,
        2.7199999999999998,
        3.6480000000000006,
        1.11,
        1.8880000000000001,
        2.0500000000000003,
        0.6839999999999999,
        3.3218000000000005,
        6.602496,
        2.8351333333333333,
        3.40268,
        5.134283333333333,
        5.2248,
        5.426640000000001,
        2.9300000000000006
      ],
      [
        5.249999999999998,
        2.266666666666667,
        2.1000000000000005,
        2.2333333333333334,
        0.7666666666666668,
        1.5000000000000002,
        0.9333333333333333,
        0.2833333333333334,
        1.7783333333333335,
        2.8351333333333333,
        3.0691666666666673,
        2.4104999999999994,
        3.032638888888889,
        3.810000000000001,
        3.335666666666667,
        1.7000000000000002
      ],
      [
        6.39,
        2.64,
        2.46,
        2.56,
        0.96,
        1.6800000000000002,
        1.14,
        0.35,
        2.131,
        3.40268,
        2.4104999999999994,
        3.8269000000000006,
        3.6349166666666672,
        4.506,
        4.0034,
        1.94
      ],
      [
        9.483333333333334,
        3.5083333333333333,
        2.95,
        2.7583333333333333,
        1.1416666666666666,
        1.7000000000000002,
        1.4083333333333332,
        0.6666666666666666,
        2.8341666666666665,
        5.134283333333333,
        3.032638888888889,
        3.6349166666666672,
        7.22875,
        5.751666666666666,
        5.381083333333334,
        2.208333333333333
      ],
      [
        10.199999999999998,
        4.0,
        3.6000000000000005,
        4.0,
        1.6,
        2.4,
        2.0,
        0.6,
        3.3400000000000007,
        5.2248,
        3.810000000000001,
        4.506,
        5.751666666666666,
        8.560000000000002,
        6.404000000000002,
        2.8
      ],
      [
        10.42,
        3.8000000000000003,
        3.11,
        3.6,
        1.8000000000000003,
        2.4000000000000004,
        2.0,
        0.8,
        3.4420000000000006,
        5.426640000000001,
        3.335666666666667,
        4.0034,
        5.381083333333334,
        6.404000000000002,
        7.864200000000004,
        2.8000000000000003
      ],
      [
        4.0,
        2.0,
        1.0,
        3.0,
        0.0,
        1.0,
        3.0,
        0.0,
        2.3,
        2.9300000000000006,
        1.7000000000000002,
        1.94,
        2.208333333333333,
        2.8,
        2.8000000000000003,
        5.0
      ]
    ],
    "deep_review": [
      [
        14.0,
        7.0,
        4.0,
        5.0,
        2.0,
        2.0,
        8.0,
        1.0,
        5.8999999999999995,
        7.254,
        4.083333333333334,
        4.91,
        5.9750000000000005,
        7.8,
        6.15,
        9.0
      ],
      [
        7.0,
        8.0,
        2.0,
        3.0,
        1.0,
        1.0,
        4.0,
        1.0,
        2.7,
        3.832,
        2.066666666666667,
        2.54,
        2.966666666666667,
        4.3999999999999995,
        3.3000000000000003,
        4.0
      ],
      [
        4.0,
        2.0,
        5.0,
        1.0,
        2.0,
        0.0,
        2.0,
        0.0,
        1.8,
        2.3420000000000005,
        1.05,
        1.31,
        1.625,
        2.2,
        1.65,
        2.0
      ],
      [
        5.0,
        3.0,
        1.0,
        6.0,
        0.0,
        2.0,
        3.0,
        1.0,
        3.4000000000000004,
        3.926,
        2.1500000000000004,
        2.4699999999999998,
        2.5749999999999997,
        3.8,
        2.45,
        4.0
      ],
      [
        2.0,
        1.0,
        2.0,
        0.0,
        3.0,
        0.0,
        0.0,
        0.0,
        0.7,
        0.804,
        0.4833333333333334,
        0.61,
        0.7416666666666667,
        1.0,
        1.0,
        0.0
      ],
      [
        2.0,
        1.0,
        0.0,
        2.0,
        0.0,
        3.0,
        0.0,
        1.0,
        1.0,
        1.286,
        1.05,
        1.15,
        1.1833333333333333,
        1.4,
        1.2000000000000002,
        1.0
      ],
      [
        8.0,
        4.0,
        2.0,
        3.0,
        0.0,
        0.0,
        9.0,
        0.0,
        4.199999999999999,
        4.816,
        2.1,
        2.62,
        3.283333333333333,
        4.4,
        3.3499999999999996,
        8.0
      ],
      [
        1.0,
        1.0,
        0.0,
        1.0,
        0.0,
        1.0,
        0.0,
        2.0,
        0.6,
        0.40599999999999997,
        0.2833333333333334,
        0.35,
        0.7083333333333334,
        0.6,
        0.8,
        0.0
      ],
      [
        5.8999999999999995,
        2.7,
        1.8,
        3.4000000000000004,
        0.7,
        1.0,
        4.199999999999999,
        0.6,
        4.61,
        3.7466000000000004,
        1.9066666666666672,
        2.2900000000000005,
        2.794166666666667,
        3.7200000000000006,
        2.8800000000000003,
        4.6
      ],
      [
        7.254,
        3.832,
        2.3420000000000005,
        3.926,
        0.804,
        1.286,
        4.816,
        0.40599999999999997,
        3.7466000000000004,
        5.804220000000001,
        2.5459666666666667,
        3.0054600000000002,
        3.4430333333333336,
        4.6852,
        3.1843000000000004,
        5.696
      ],
      [
        4.083333333333334,
        2.066666666666667,
        1.05,
        2.1500000000000004,
        0.4833333333333334,
        1.05,
        2.1,
        0.2833333333333334,
        1.9066666666666672,
        2.5459666666666667,
        2.5941666666666676,
        1.846166666666667,
        2.0086111111111116,
        2.763333333333334,
        1.931666666666667,
        2.8666666666666667
      ],
      [
        4.91,
        2.54,
        1.31,
        2.4699999999999998,
        0.61,
        1.15,
        2.62,
        0.35,
        2.2900000000000005,
        3.0054600000000002,
        1.846166666666667,
        3.1523000000000008,
        2.398,
        3.27,
        2.3280000000000003,
        3.42
      ],
      [
        5.9750000000000005,
        2.966666666666667,
        1.625,
        2.5749999999999997,
        0.7416666666666667,
        1.1833333333333333,
        3.283333333333333,
        0.7083333333333334,
        2.794166666666667,
        3.4430333333333336,
        2.0086111111111116,
        2.398,
        4.47298611111111,
        3.8866666666666663,
        3.023333333333334,
        3.7583333333333333
      ],
      [
        7.8,
        4.3999999999999995,
        2.2,
        3.8,
        1.0,
        1.4,
        4.4,
        0.6,
        3.7200000000000006,
        4.6852,
        2.763333333333334,
        3.27,
        3.8866666666666663,
        6.240000000000002,
        3.7600000000000007,
        5.2
      ],
      [
        6.15,
        3.3000000000000003,
        1.65,
        2.45,
        1.0,
        1.2000000000000002,
        3.3499999999999996,
        0.8,
        2.8800000000000003,
        3.1843000000000004,
        1.931666666666667,
        2.3280000000000003,
        3.023333333333334,
        3.7600000000000007,
        4.3475,
        3.75
      ],
      [
        9.0,
        4.0,
        2.0,
        4.0,
        0.0,
        1.0,
        8.0,
        0.0,
        4.6,
        5.696,
        2.8666666666666667,
        3.42,
        3.7583333333333333,
        5.2,
        3.75,
        10.0
      ]
    ],
    "product_compare": [
      [
        19.0,
        5.0,
        14.0,
        6.0,
        9.0,
        5.0,
        2.0,
        1.0,
        6.699999999999999,
        9.02,
        5.983333333333334,
        7.1099999999999985,
        6.575,
        11.0,
        8.8,
        4.0
      ],
      [
        5.0,
        6.0,
        4.0,
        1.0,
        3.0,
        1.0,
        0.0,
        0.0,
        2.1999999999999997,
        2.426,
        1.5666666666666669,
        1.84,
        1.4583333333333335,
        2.4,
        1.9,
        1.0
      ],
      [
        14.0,
        4.0,
        15.0,
        3.0,
        9.0,
        3.0,
        0.0,
        1.0,
        4.9,
        6.603999999999999,
        4.2,
        5.079999999999999,
        4.466666666666666,
        8.0,
        6.900000000000001,
        1.0
      ],
      [
        6.0,
        1.0,
        3.0,
        7.0,
        0.0,
        5.0,
        1.0,
        1.0,
        3.0,
        3.6740000000000004,
        3.0833333333333335,
        3.45,
        2.841666666666667,
        4.999999999999999,
        2.5,
        3.0
      ],
      [
        9.0,
        3.0,
        9.0,
        0.0,
        10.0,
        0.0,
        0.0,
        0.0,
        3.0999999999999996,
        3.97,
        2.1333333333333333,
        2.6999999999999997,
        1.9000000000000001,
        4.3999999999999995,
        4.500000000000001,
        0.0
      ],
      [
        5.0,
        1.0,
        3.0,
        5.0,
        0.0,
        6.0,
        0.0,
        1.0,
        2.2,
        2.7939999999999996,
        2.7166666666666672,
        3.01,
        2.1,
        4.2,
        2.25,
        2.0
      ],
      [
        2.0,
        0.0,
        0.0,
        1.0,
        0.0,
        0.0,
        3.0,
        0.0,
        0.9,
        1.1980000000000002,
        0.5666666666666667,
        0.7,
        1.5,
        1.2000000000000002,
        1.05,
        2.0
      ],
      [
        1.0,
        0.0,
        1.0,
        1.0,
        0.0,
        1.0,
        0.0,
        2.0,
        0.4,
        0.368,
        0.2833333333333334,
        0.35,
        0.4666666666666667,
        0.6,
        0.4,
        0.0
      ],
      [
        6.699999999999999,
        2.1999999999999997,
        4.9,
        3.0,
        3.0999999999999996,
        2.2,
        0.9,
        0.4,
        4.23,
        3.6788000000000003,
        2.365,
        2.777,
        2.4808333333333334,
        4.180000000000001,
        3.005000000000001,
        1.9
      ],
      [
        9.02,
        2.426,
        6.603999999999999,
        3.6740000000000004,
        3.97,
        2.7939999999999996,
        1.1980000000000002,
        0.368,
        3.6788000000000003,
        6.239536000000001,
        3.3805,
        3.9211,
        3.372833333333334,
        5.702000000000001,
        4.1143,
        2.958
      ],
      [
        5.983333333333334,
        1.5666666666666669,
        4.2,
        3.0833333333333335,
        2.1333333333333333,
        2.7166666666666672,
        0.5666666666666667,
        0.2833333333333334,
        2.365,
        3.3805,
        3.572500000000001,
        2.931166666666667,
        2.4647222222222225,
        4.223333333333334,
        2.7741666666666673,
        2.1
      ],
      [
        7.1099999999999985,
        1.84,
        5.079999999999999,
        3.45,
        2.6999999999999997,
        3.01,
        0.7,
        0.35,
        2.777,
        3.9211,
        2.931166666666667,
        4.3633,
        2.887,
        4.930000000000001,
        3.336500000000001,
        2.3
      ],
      [
        6.575,
        1.4583333333333335,
        4.466666666666666,
        2.841666666666667,
        1.9000000000000001,
        2.1,
        1.5,
        0.4666666666666667,
        2.4808333333333334,
        3.372833333333334,
        2.4647222222222225,
        2.887,
        4.753541666666666,
        4.533333333333333,
        3.2475,
        2.3916666666666666
      ],
      [
        11.0,
        2.4,
        8.0,
        4.999999999999999,
        4.3999999999999995,
        4.2,
        1.2000000000000002,
        0.6,
        4.180000000000001,
        5.702000000000001,
        4.223333333333334,
        4.930000000000001,
        4.533333333333333,
        8.72,
        5.330000000000002,
        2.8
      ],
      [
        8.8,
        1.9,
        6.900000000000001,
        2.5,
        4.500000000000001,
        2.25,
        1.05,
        0.4,
        3.005000000000001,
        4.1143,
        2.7741666666666673,
        3.336500000000001,
        3.2475,
        5.330000000000002,
        5.850000000000001,
        1.7000000000000002
      ],
      [
        4.0,
        1.0,
        1.0,
        3.0,
        0.0,
        2.0,
        2.0,
        0.0,
        1.9,
        2.958,
        2.1,
        2.3,
        2.3916666666666666,
        2.8,
        1.7000000000000002,
        5.0
      ]
    ],
    "risk_only": [
      [
        24.0,
        6.0,
        5.0,
        14.0,
        2.0,
        12.0,
        3.0,
        4.0,
        8.399999999999999,
        12.918000000000001,
        8.466666666666669,
        9.94,
        11.233333333333334,
        15.6,
        10.629999999999999,
        6.0
      ],
      [
        6.0,
        7.0,
        1.0,
        4.0,
        0.0,
        3.0,
        1.0,
        1.0,
        2.2,
        3.73,
        2.4333333333333336,
        2.8200000000000003,
        2.7416666666666667,
        4.4,
        2.61,
        2.0
      ],
      [
        5.0,
        1.0,
        6.0,
        1.0,
        2.0,
        1.0,
        0.0,
        0.0,
        1.4,
        3.172,
        1.8166666666666669,
        2.1100000000000003,
        3.066666666666667,
        3.0,
        2.71,
        1.0
      ],
      [
        14.0,
        4.0,
        1.0,
        15.0,
        0.0,
        12.0,
        2.0,
        4.0,
        6.3,
        8.34,
        6.416666666666667,
        7.33,
        6.825,
        11.4,
        6.85,
        5.0
      ],
      [
        2.0,
        0.0,
        2.0,
        0.0,
        3.0,
        0.0,
        0.0,
        0.0,
        0.7,
        0.946,
        0.4833333333333334,
        0.61,
        0.8,
        1.0,
        1.2000000000000002,
        0.0
      ],
      [
        12.0,
        3.0,
        1.0,
        12.0,
        0.0,
        13.0,
        0.0,
        4.0,
        4.7,
        6.58,
        5.6833333333333345,
        6.45,
        5.750000000000001,
        9.8,
        5.849999999999999,
        3.0
      ],
      [
        3.0,
        1.0,
        0.0,
        2.0,
        0.0,
        0.0,
        4.0,
        0.0,
        1.7000000000000002,
        2.12,
        0.9333333333333333,
        1.14,
        1.7916666666666667,
        2.0,
        1.25,
        3.0
      ],
      [
        4.0,
        1.0,
        0.0,
        4.0,
        0.0,
        4.0,
        0.0,
        5.0,
        1.7000000000000002,
        1.444,
        1.1333333333333335,
        1.4,
        1.2583333333333333,
        2.4,
        1.9,
        0.0
      ],
      [
        8.399999999999999,
        2.2,
        1.4,
        6.3,
        0.7,
        4.7,
        1.7000000000000002,
        1.7000000000000002,
        5.320000000000001,
        5.181000000000001,
        3.2233333333333336,
        3.75,
        4.172500000000001,
        5.720000000000001,
        3.686,
        3.1
      ],
      [
        12.918000000000001,
        3.73,
        3.172,
        8.34,
        0.946,
        6.58,
        2.12,
        1.444,
        5.181000000000001,
        9.382316,
        5.221100000000001,
        6.017100000000001,
        6.657616666666666,
        8.962800000000001,
        5.79204,
        4.76
      ],
      [
        8.466666666666669,
        2.4333333333333336,
        1.8166666666666669,
        6.416666666666667,
        0.4833333333333334,
        5.6833333333333345,
        0.9333333333333333,
        1.1333333333333335,
        3.2233333333333336,
        5.221100000000001,
        4.985555555555557,
        4.511333333333334,
        4.279722222222222,
        6.680000000000001,
        4.2035,
        3.2333333333333334
      ],
      [
        9.94,
        2.8200000000000003,
        2.1100000000000003,
        7.33,
        0.61,
        6.45,
        1.14,
        1.4,
        3.75,
        6.017100000000001,
        4.511333333333334,
        6.136800000000001,
        5.010166666666667,
        7.7280000000000015,
        4.9030999999999985,
        3.54
      ],
      [
        11.233333333333334,
        2.7416666666666667,
        3.066666666666667,
        6.825,
        0.8,
        5.750000000000001,
        1.7916666666666667,
        1.2583333333333333,
        4.172500000000001,
        6.657616666666666,
        4.279722222222222,
        5.010166666666667,
        7.968333333333334,
        7.956666666666666,
        5.173666666666667,
        3.2666666666666666
      ],
      [
        15.6,
        4.4,
        3.0,
        11.4,
        1.0,
        9.8,
        2.0,
        2.4,
        5.720000000000001,
        8.962800000000001,
        6.680000000000001,
        7.7280000000000015,
        7.956666666666666,
        13.48,
        7.845999999999998,
        4.3999999999999995
      ],
      [
        10.629999999999999,
        2.61,
        2.71,
        6.85,
        1.2000000000000002,
        5.849999999999999,
        1.25,
        1.9,
        3.686,
        5.79204,
        4.2035,
        4.9030999999999985,
        5.173666666666667,
        7.845999999999998,
        7.171300000000001,
        2.7
      ],
      [
        6.0,
        2.0,
        1.0,
        5.0,
        0.0,
        3.0,
        3.0,
        0.0,
        3.1,
        4.76,
        3.2333333333333334,
        3.54,
        3.2666666666666666,
        4.3999999999999995,
        2.7,
        7.0
      ]
    ]
  },
  "b": {
    "fast_snapshot": [
      13.180499999999999,
      4.6195,
      4.9155,
      4.292,
      1.266,
      3.6885,
      1.2085,
      1.521,
      4.388850000000001,
      7.217012999999999,
      3.7824833333333343,
      4.563720000000001,
      6.8796833333333325,
      6.672799999999999,
      5.505299999999999,
      2.6155
    ],
    "standard_research": [
      13.1819,
      4.3092,
      4.1492,
      3.2344,
      1.9575,
      1.9300000000000002,
      1.9619,
      0.6258,
      3.8930299999999995,
      6.637625199999999,
      3.7811850000000002,
      4.617300999999999,
      7.0605133333333345,
      7.401860000000001,
      7.57114,
      2.6061
    ],
    "deep_review": [
      9.518600000000001,
      5.1236,
      2.76,
      3.5999999999999996,
      1.16,
      1.2,
      6.3999999999999995,
      0.585,
      4.363,
      5.361822800000001,
      2.938953333333334,
      3.548608,
      4.344926666666667,
      5.701600000000001,
      4.4291599999999995,
      7.014999999999999
    ],
    "product_compare": [
      13.6344,
      3.8728,
      11.101799999999999,
      4.0059000000000005,
      7.702500000000002,
      3.4186,
      1.1773,
      0.708,
      5.01949,
      6.677453,
      4.373536666666666,
      5.230122000000001,
      4.6915233333333335,
      8.162920000000002,
      6.68712,
      2.4718999999999998
    ],
    "risk_only": [
      18.145,
      4.7351,
      3.6088,
      11.862499999999997,
      1.305,
      10.509899999999998,
      2.0311,
      3.51,
      6.71015,
      10.192848999999999,
      6.855626666666667,
      8.014363999999999,
      8.864598333333333,
      12.494000000000002,
      8.315985000000001,
      4.6434999999999995
    ]
  }
}